Time (s)	Liquid height relative to zero point (mm)
0.0000	-0.4652
0.0167	-0.3204
0.0333	-0.0886
0.0500	0.1721
0.0667	0.4618
0.0833	0.7514
0.1000	1.0122
0.1167	0.8673
0.1333	0.2590
0.1500	-0.2335
0.1667	-0.6101
0.1833	-0.7839
0.2000	-0.7549
0.2167	-0.5521
0.2333	-0.2625
0.2500	0.0852
0.2667	0.4328
0.2833	0.7225
0.3000	0.9832
0.3167	0.8963
0.3333	0.5776
0.3500	0.2300
0.3667	-0.0307
0.3833	-0.1176
0.4000	-0.0017
0.4167	0.1721
0.4333	0.4618
0.4500	0.7514
0.4667	1.0122
0.4833	1.1860
0.5000	1.1570
0.5167	0.7804
0.5333	0.4038
0.5500	0.0562
0.5667	-0.1176
0.5833	-0.1756
0.6000	-0.0017
0.6167	0.2590
0.6333	0.5776
0.6500	0.7804
0.6667	1.0122
0.6833	1.1860
0.7000	1.0411
0.7167	0.8963
0.7333	0.6645
0.7500	0.4907
0.7667	0.3749
0.7833	0.4038
0.8000	0.6066
0.8167	0.8673
0.8333	1.1280
0.8500	1.3308
0.8667	1.1860
0.8833	0.8963
0.9000	0.6935
0.9167	0.4907
0.9333	0.3459
0.9500	0.2010
0.9667	0.1431
0.9833	0.2300
1.0000	0.4328
1.0167	0.7514
1.0333	1.0701
1.0500	1.3019
1.0667	1.1860
1.0833	0.8963
1.1000	0.6935
1.1167	0.4618
1.1333	0.3169
1.1500	0.1431
1.1667	0.1431
1.1833	0.3169
1.2000	0.6356
1.2167	0.9832
1.2333	1.3019
1.2500	1.5336
1.2667	1.1570
1.2833	0.8384
1.3000	0.4907
1.3167	0.2590
1.3333	0.2300
1.3500	0.0272
1.3667	0.2010
1.3833	0.3459
1.4000	0.6645
1.4167	1.0991
1.4333	1.4177
1.4500	1.6205
1.4667	1.2149
1.4833	1.0122
1.5000	0.6645
1.5167	0.4618
1.5333	0.3169
1.5500	0.2879
1.5667	0.4618
1.5833	0.6645
1.6000	0.9832
1.6167	1.3019
1.6333	1.5915
1.6500	1.8812
1.6667	1.3019
1.6833	1.0122
1.7000	0.6356
1.7167	0.4618
1.7333	0.3169
1.7500	0.3749
1.7667	0.5776
1.7833	0.8094
1.8000	1.2149
1.8167	1.4467
1.8333	1.8812
1.8500	1.6495
1.8667	1.1570
1.8833	0.7804
1.9000	0.4038
1.9167	0.2590
1.9333	0.1721
1.9500	0.3169
1.9667	0.5776
1.9833	0.9253
2.0000	1.3308
2.0167	1.8812
2.0333	1.8523
2.0500	1.8523
2.0667	1.4467
2.0833	1.0991
2.1000	0.8094
2.1167	0.6935
2.1333	0.6935
2.1500	0.8673
2.1667	1.1280
2.1833	1.4467
2.2000	1.8523
2.2167	1.8523
2.2333	1.8523
2.2500	1.3888
2.2667	1.0122
2.2833	0.6356
2.3000	0.4618
2.3167	0.3459
2.3333	0.4618
2.3500	0.6645
2.3667	0.9253
2.3833	1.2439
2.4000	1.4757
2.4167	1.2729
2.4333	0.9542
2.4500	0.6935
2.4667	0.4907
2.4833	0.4038
2.5000	0.2879
2.5167	0.3459
2.5333	0.6356
2.5500	0.9542
2.5667	1.3598
2.5833	1.8523
2.6000	1.8812
2.6167	1.9971
2.6333	1.9971
2.6500	1.7074
2.6667	1.2149
2.6833	0.9253
2.7000	0.8094
2.7167	0.9253
2.7333	1.0991
2.7500	1.3598
2.7667	1.6495
2.7833	1.8812
2.8000	1.8812
2.8167	1.8812
2.8333	1.3019
2.8500	0.9253
2.8667	0.7514
2.8833	0.6356
2.9000	0.6356
2.9167	0.8094
2.9333	1.0411
2.9500	1.3308
2.9667	1.5915
2.9833	1.8523
3.0000	1.9102
3.0167	1.8812
3.0333	1.6205
3.0500	1.3308
3.0667	1.1280
3.0833	0.9542
3.1000	0.9542
3.1167	1.1860
3.1333	1.4757
3.1500	1.8523
3.1667	1.9681
3.1833	2.0261
3.2000	1.5915
3.2167	1.2439
3.2333	0.8963
3.2500	0.6935
3.2667	0.5197
3.2833	0.3459
3.3000	0.4038
3.3167	0.5776
3.3333	0.8963
3.3500	1.2439
3.3667	1.5336
3.3833	1.3308
3.4000	1.0701
3.4167	0.8963
3.4333	0.7804
3.4500	0.6356
3.4667	0.4328
3.4833	0.4328
3.5000	0.5776
3.5167	0.8384
3.5333	1.2149
3.5500	1.5336
3.5667	1.8523
3.5833	1.4177
3.6000	1.0701
3.6167	0.7225
3.6333	0.4618
3.6500	0.3459
3.6667	0.2590
3.6833	0.3169
3.7000	0.4907
3.7167	0.7514
3.7333	1.0411
3.7500	1.3308
3.7667	1.5915
3.7833	1.4467
3.8000	1.0991
3.8167	0.7225
3.8333	0.4038
3.8500	0.2300
3.8667	0.2010
3.8833	0.3749
3.9000	0.5776
3.9167	0.8963
3.9333	1.2149
3.9500	1.5336
3.9667	1.8233
3.9833	1.7943
4.0000	0.6645
4.0167	0.0852
4.0333	-0.4073
4.0500	-0.5521
4.0667	-0.5232
4.0833	-0.3494
4.1000	-0.1176
4.1167	0.2010
4.1333	0.5487
4.1500	0.8384
4.1667	0.8384
4.1833	0.5487
4.2000	0.3169
4.2167	0.1141
4.2333	-0.0307
4.2500	-0.0597
4.2667	0.0852
4.2833	0.2590
4.3000	0.5776
4.3167	0.8094
4.3333	1.0411
4.3500	1.1570
4.3667	1.0411
4.3833	0.5197
4.4000	0.0272
4.4167	-0.3494
4.4333	-0.5232
4.4500	-0.4652
4.4667	-0.2914
4.4833	-0.0017
4.5000	0.3169
4.5167	0.6356
4.5333	0.9253
4.5500	1.0701
4.5667	0.5197
4.5833	0.0562
4.6000	-0.4363
4.6167	-0.6680
4.6333	-0.7839
4.6500	-0.6390
4.6667	-0.4073
4.6833	-0.1176
4.7000	0.2590
4.7167	0.5776
4.7333	0.8384
4.7500	0.8673
4.7667	0.4038
4.7833	-0.0017
4.8000	-0.4073
4.8167	-0.5232
4.8333	-0.5232
4.8500	-0.3204
4.8667	-0.1176
4.8833	0.1721
4.9000	0.4328
4.9167	0.7514
4.9333	0.9542
4.9500	1.0411
4.9667	0.4328
4.9833	-0.0307
5.0000	-0.5232
5.0167	-0.7260
5.0333	-0.6101
5.0500	-0.4363
5.0667	-0.2045
5.0833	0.0852
5.1000	0.2879
5.1167	0.4328
5.1333	0.2010
5.1500	-0.0597
5.1667	-0.3783
5.1833	-0.5811
5.2000	-0.6970
5.2167	-0.7839
5.2333	-0.6970
5.2500	-0.4942
5.2667	-0.1756
5.2833	0.1431
5.3000	0.4328
5.3167	0.6935
5.3333	0.6645
5.3500	0.3459
5.3667	-0.0307
5.3833	-0.2914
5.4000	-0.4652
5.4167	-0.4652
5.4333	-0.3494
5.4500	-0.1466
5.4667	0.1141
5.4833	0.3459
5.5000	0.5197
5.5167	0.2590
5.5333	-0.0307
5.5500	-0.3783
5.5667	-0.6390
5.5833	-0.8708
5.6000	-1.0156
5.6167	-0.8998
5.6333	-0.6101
5.6500	-0.2045
5.6667	0.1721
5.6833	0.5197
5.7000	0.7804
5.7167	0.7514
5.7333	0.2010
5.7500	-0.2625
5.7667	-0.7260
5.7833	-0.9577
5.8000	-1.0156
5.8167	-0.8998
5.8333	-0.6970
5.8500	-0.3494
5.8667	-0.0017
5.8833	0.3169
5.9000	0.5776
5.9167	0.4038
5.9333	-0.0017
5.9500	-0.4363
5.9667	-0.7839
5.9833	-0.9867
6.0000	-0.9287
6.0167	-0.7260
6.0333	-0.4652
6.0500	-0.1176
6.0667	0.2300
6.0833	0.4618
6.1000	0.6066
6.1167	0.0852
6.1333	-0.4363
6.1500	-0.9577
6.1667	-1.2764
6.1833	-1.3053
6.2000	-1.1895
6.2167	-1.0156
6.2333	-0.6970
6.2500	-0.4073
6.2667	-0.1466
6.2833	-0.1756
6.3000	-0.3783
6.3167	-0.5521
6.3333	-0.8418
6.3500	-1.0156
6.3667	-1.1895
6.3833	-1.1025
6.4000	-0.8418
6.4167	-0.5521
6.4333	-0.1176
6.4500	0.2590
6.4667	0.6356
6.4833	0.8963
6.5000	1.0122
6.5167	0.3459
6.5333	-0.2625
6.5500	-0.6970
6.5667	-1.2764
6.5833	-1.1895
6.6000	-1.0446
6.6167	-0.7260
6.6333	-0.4942
6.6500	-0.1756
6.6667	-0.0017
6.6833	-0.3204
6.7000	-0.5811
6.7167	-0.9287
6.7333	-1.0736
6.7500	-1.1895
6.7667	-1.1605
6.7833	-0.9577
6.8000	-0.6680
6.8167	-0.3494
6.8333	-0.0597
6.8500	0.2300
6.8667	0.3459
6.8833	0.1141
6.9000	-0.2045
6.9167	-0.5811
6.9333	-0.8129
6.9500	-0.9287
6.9667	-0.7839
6.9833	-0.5811
7.0000	-0.2625
7.0167	0.0852
7.0333	0.4038
7.0500	0.6645
7.0667	0.8673
7.0833	0.7514
7.1000	0.0272
7.1167	-0.4652
7.1333	-0.9577
7.1500	-1.0156
7.1667	-0.8418
7.1833	-0.6390
7.2000	-0.3204
7.2167	-0.0017
7.2333	0.3169
7.2500	0.5776
7.2667	0.8384
7.2833	0.5487
7.3000	-0.0597
7.3167	-0.5232
7.3333	-0.8998
7.3500	-0.8129
7.3667	-0.6680
7.3833	-0.3783
7.4000	-0.0886
7.4167	0.2010
7.4333	0.4618
7.4500	0.6356
7.4667	0.4038
7.4833	-0.0597
7.5000	-0.4652
7.5167	-0.7549
7.5333	-0.8708
7.5500	-0.7260
7.5667	-0.5232
7.5833	-0.2625
7.6000	0.0562
7.6167	0.3459
7.6333	0.6066
7.6500	0.7804
7.6667	0.5197
7.6833	-0.0017
7.7000	-0.3783
7.7167	-0.6970
7.7333	-0.8129
7.7500	-0.7549
7.7667	-0.6101
7.7833	-0.2914
7.8000	-0.0886
7.8167	-0.2625
7.8333	-0.5232
7.8500	-0.7260
7.8667	-0.8708
7.8833	-0.9867
7.9000	-1.1315
7.9167	-1.2474
7.9333	-1.1895
7.9500	-0.9867
7.9667	-0.6680
7.9833	-0.3494
8.0000	-0.0886
8.0167	-0.0886
8.0333	-0.3204
8.0500	-0.4652
8.0667	-0.6680
8.0833	-0.8418
8.1000	-1.0736
8.1167	-1.1025
8.1333	-0.9577
8.1500	-0.6970
8.1667	-0.2625
8.1833	0.0562
8.2000	0.3459
8.2167	0.5487
8.2333	0.2590
8.2500	-0.0597
8.2667	-0.4652
8.2833	-0.6970
8.3000	-0.8998
8.3167	-0.8998
8.3333	-0.6970
8.3500	-0.4363
8.3667	-0.1176
8.3833	0.2010
8.4000	0.4907
8.4167	0.5197
8.4333	-0.0886
8.4500	-0.5232
8.4667	-1.0156
8.4833	-1.2474
8.5000	-1.3633
8.5167	-1.2764
8.5333	-1.0736
8.5500	-0.7549
8.5667	-0.4073
8.5833	-0.4652
8.6000	-0.8418
8.6167	-1.0156
8.6333	-1.1895
8.6500	-1.2184
8.6667	-1.2764
8.6833	-1.4212
8.7000	-1.3922
8.7167	-1.2184
8.7333	-0.9577
8.7500	-0.6390
8.7667	-0.4073
8.7833	-0.3494
8.8000	-0.5811
8.8167	-0.7549
8.8333	-1.0156
8.8500	-1.1025
8.8667	-1.2184
8.8833	-1.2184
8.9000	-1.0446
8.9167	-0.7549
8.9333	-0.3783
8.9500	-0.0017
8.9667	0.3459
8.9833	0.6356
9.0000	0.8094
9.0167	0.3169
9.0333	-0.2045
9.0500	-0.6680
9.0667	-0.8998
9.0833	-0.8998
9.1000	-0.7260
9.1167	-0.5232
9.1333	-0.2625
9.1500	0.0272
9.1667	0.2879
9.1833	0.4618
9.2000	0.2879
9.2167	-0.0307
9.2333	-0.3783
9.2500	-0.6101
9.2667	-0.7260
9.2833	-0.6390
9.3000	-0.4073
9.3167	-0.2045
9.3333	0.1431
9.3500	0.4907
9.3667	0.6645
9.3833	0.6935
9.4000	0.3169
9.4167	-0.0597
9.4333	-0.4942
9.4500	-0.6970
9.4667	-0.7260
9.4833	-0.5811
9.5000	-0.2914
9.5167	0.0852
9.5333	0.4618
9.5500	0.7804
9.5667	1.0991
9.5833	1.3308
9.6000	1.1570
9.6167	0.6935
9.6333	0.3169
9.6500	-0.0017
9.6667	0.0562
9.6833	0.2300
9.7000	0.4907
9.7167	0.7514
9.7333	0.9832
9.7500	1.2149
9.7667	1.4177
9.7833	1.2149
9.8000	0.8094
9.8167	0.4038
9.8333	0.0852
9.8500	-0.0017
9.8667	0.1141
9.8833	0.3169
9.9000	0.6356
9.9167	0.9542
9.9333	1.2149
9.9500	1.4467
9.9667	1.8233
9.9833	1.3598
10.0000	1.0122
10.0167	0.6356
10.0333	0.3749
10.0500	0.3169
10.0667	0.4618
10.0833	0.6645
10.1000	1.0122
10.1167	1.3019
10.1333	1.7654
10.1500	1.3019
10.1667	0.8963
10.1833	0.5487
10.2000	0.2300
10.2167	0.0562
10.2333	-0.0886
10.2500	-0.0597
10.2667	0.1141
10.2833	0.4328
10.3000	0.7804
10.3167	1.0411
10.3333	1.2439
10.3500	0.9542
10.3667	0.6935
10.3833	0.3749
10.4000	0.1431
10.4167	-0.0307
10.4333	-0.1466
10.4500	-0.0597
10.4667	0.1431
10.4833	0.4618
10.5000	0.7225
10.5167	0.9542
10.5333	0.8963
10.5500	0.3749
10.5667	0.0852
10.5833	-0.2335
10.6000	-0.3494
10.6167	-0.4652
10.6333	-0.4363
10.6500	-0.2335
10.6667	0.1141
10.6833	0.4328
10.7000	0.7804
10.7167	1.0411
10.7333	0.8963
10.7500	0.6066
10.7667	0.3459
10.7833	0.0852
10.8000	-0.0886
10.8167	-0.2335
10.8333	-0.0597
10.8500	0.2010
10.8667	0.5197
10.8833	0.9542
10.9000	1.2149
10.9167	1.5626
10.9333	1.7654
10.9500	1.5046
10.9667	0.5776
10.9833	-0.0307
11.0000	-0.5232
11.0167	-0.4652
11.0333	-0.3494
11.0500	-0.1176
11.0667	0.2010
11.0833	0.4618
11.1000	0.8673
11.1167	1.1280
11.1333	1.3888
11.1500	0.9253
11.1667	0.3459
11.1833	-0.1756
11.2000	-0.4942
11.2167	-0.4073
11.2333	-0.2914
11.2500	-0.0307
11.2667	0.1721
11.2833	0.4038
11.3000	0.6066
11.3167	0.6066
11.3333	0.1721
11.3500	-0.1756
11.3667	-0.5232
11.3833	-0.7260
11.4000	-0.5521
11.4167	-0.3204
11.4333	0.0272
11.4500	0.3459
11.4667	0.6935
11.4833	0.8963
11.5000	0.6066
11.5167	0.1141
11.5333	-0.3494
11.5500	-0.7260
11.5667	-0.8418
11.5833	-0.8129
11.6000	-0.6390
11.6167	-0.4363
11.6333	-0.1466
11.6500	0.1141
11.6667	0.2300
11.6833	-0.0597
11.7000	-0.2335
11.7167	-0.4363
11.7333	-0.5521
11.7500	-0.6390
11.7667	-0.6390
11.7833	-0.4363
11.8000	-0.1756
11.8167	0.2300
11.8333	0.5487
11.8500	0.8384
11.8667	1.0701
11.8833	1.2439
11.9000	0.8963
11.9167	0.5197
11.9333	0.1431
11.9500	-0.1756
11.9667	-0.1756
11.9833	-0.0597
12.0000	0.2010
12.0167	0.4328
12.0333	0.7225
12.0500	0.9542
12.0667	0.9253
12.0833	0.6645
12.1000	0.3749
12.1167	0.0852
12.1333	-0.0886
12.1500	-0.2045
12.1667	-0.0307
12.1833	0.2300
12.2000	0.5487
12.2167	0.8673
12.2333	1.1570
12.2500	1.4177
12.2667	1.5046
12.2833	1.3019
12.3000	1.0411
12.3167	0.7804
12.3333	0.6066
12.3500	0.5487
12.3667	0.6935
12.3833	0.9253
12.4000	1.2439
12.4167	1.5336
12.4333	1.7943
12.4500	1.5336
12.4667	1.1860
12.4833	0.8963
12.5000	0.5776
12.5167	0.4328
12.5333	0.2300
12.5500	0.2590
12.5667	0.4618
12.5833	0.6935
12.6000	1.0122
12.6167	1.3019
12.6333	1.5915
12.6500	1.2439
12.6667	0.8384
12.6833	0.4328
12.7000	0.1431
12.7167	-0.0597
12.7333	-0.2045
12.7500	-0.1176
12.7667	0.1431
12.7833	0.4907
12.8000	0.8673
12.8167	1.2149
12.8333	1.1570
12.8500	0.7225
12.8667	0.4618
12.8833	0.1721
12.9000	0.1141
12.9167	-0.0307
12.9333	-0.0307
12.9500	0.1141
12.9667	0.3459
12.9833	0.6356
13.0000	0.9253
13.0167	1.1570
13.0333	1.0991
13.0500	0.7804
13.0667	0.4618
13.0833	0.1721
13.1000	0.0562
13.1167	-0.0307
13.1333	0.1141
13.1500	0.2590
13.1667	0.5197
13.1833	0.8094
13.2000	1.0122
13.2167	1.1570
13.2333	0.9253
13.2500	0.6066
13.2667	0.2010
13.2833	-0.0886
13.3000	-0.2335
13.3167	-0.2625
13.3333	-0.0886
13.3500	0.2010
13.3667	0.5776
13.3833	0.8963
13.4000	1.2149
13.4167	1.4177
13.4333	1.1570
13.4500	0.7514
13.4667	0.3169
13.4833	-0.0307
13.5000	-0.2045
13.5167	-0.1176
13.5333	0.1431
13.5500	0.4907
13.5667	0.8384
13.5833	1.1570
13.6000	1.4467
13.6167	1.4757
13.6333	1.1280
13.6500	0.8094
13.6667	0.4618
13.6833	0.2879
13.7000	0.2879
13.7167	0.4328
13.7333	0.6935
13.7500	1.0122
13.7667	1.3308
13.7833	1.7364
13.8000	1.7943
13.8167	1.5336
13.8333	0.9832
13.8500	0.4907
13.8667	0.1431
13.8833	-0.0017
13.9000	0.0562
13.9167	0.2300
13.9333	0.4907
13.9500	0.8094
13.9667	1.1280
13.9833	1.4467
14.0000	1.7654
14.0167	1.3598
14.0333	0.9542
14.0500	0.5776
14.0667	0.3459
14.0833	0.2879
14.1000	0.4328
14.1167	0.6066
14.1333	0.8673
14.1500	1.1280
14.1667	1.3888
14.1833	1.7654
14.2000	1.7943
14.2167	1.2439
14.2333	0.7804
14.2500	0.3169
14.2667	0.0272
14.2833	-0.0017
14.3000	0.1431
14.3167	0.3749
14.3333	0.6356
14.3500	0.9253
14.3667	1.0411
14.3833	0.7804
14.4000	0.5487
14.4167	0.3459
14.4333	0.2010
14.4500	0.1141
14.4667	0.0272
14.4833	0.1721
14.5000	0.4038
14.5167	0.7225
14.5333	1.0701
14.5500	1.3598
14.5667	1.5626
14.5833	1.5626
14.6000	1.2729
14.6167	0.9253
14.6333	0.6066
14.6500	0.4038
14.6667	0.3169
14.6833	0.4907
14.7000	0.6935
14.7167	1.0411
14.7333	1.3308
14.7500	1.5626
14.7667	1.4757
14.7833	0.9253
14.8000	0.6356
14.8167	0.2590
14.8333	0.0852
14.8500	-0.1466
14.8667	-0.2335
14.8833	-0.0017
14.9000	0.2010
14.9167	0.6066
14.9333	0.8673
14.9500	0.9542
14.9667	0.5197
14.9833	0.3169
15.0000	0.0852
15.0167	-0.0597
15.0333	-0.1756
15.0500	-0.2914
15.0667	-0.1176
15.0833	0.0562
15.1000	0.4038
15.1167	0.7514
15.1333	1.0991
15.1500	1.3598
15.1667	1.4177
15.1833	0.8673
15.2000	0.4328
15.2167	-0.0307
15.2333	-0.2914
15.2500	-0.2914
15.2667	-0.1176
15.2833	0.0562
15.3000	0.4038
15.3167	0.6935
15.3333	1.0122
15.3500	1.2149
15.3667	0.8963
15.3833	0.3169
15.4000	-0.2045
15.4167	-0.6101
15.4333	-0.7549
15.4500	-0.7260
15.4667	-0.5811
15.4833	-0.3204
15.5000	-0.0017
15.5167	0.2590
15.5333	0.2010
15.5500	-0.3204
15.5667	-0.6390
15.5833	-0.9577
15.6000	-1.0736
15.6167	-1.1895
15.6333	-1.2474
15.6500	-1.1315
15.6667	-0.8418
15.6833	-0.4652
15.7000	-0.1466
15.7167	0.2010
15.7333	0.2590
15.7500	-0.0017
15.7667	-0.2045
15.7833	-0.4652
15.8000	-0.5521
15.8167	-0.6680
15.8333	-0.5811
15.8500	-0.4073
15.8667	-0.1466
15.8833	0.1721
15.9000	0.4328
15.9167	0.6356
15.9333	0.7804
15.9500	0.3749
15.9667	-0.2625
15.9833	-0.7549
16.0000	-1.0446
16.0167	-1.0446
16.0333	-0.8998
16.0500	-0.6970
16.0667	-0.4073
16.0833	-0.1176
16.1000	0.1721
16.1167	0.3459
16.1333	0.2300
16.1500	-0.0017
16.1667	-0.3494
16.1833	-0.5811
16.2000	-0.7260
16.2167	-0.6970
16.2333	-0.4942
16.2500	-0.2335
16.2667	0.1141
16.2833	0.4328
16.3000	0.6935
16.3167	0.8963
16.3333	0.7514
16.3500	0.2010
16.3667	-0.2335
16.3833	-0.6390
16.4000	-0.7839
16.4167	-0.6680
16.4333	-0.4652
16.4500	-0.1466
16.4667	0.1721
16.4833	0.4907
16.5000	0.8094
16.5167	1.0122
16.5333	0.6935
16.5500	0.2300
16.5667	-0.2045
16.5833	-0.4942
16.6000	-0.5521
16.6167	-0.3494
16.6333	-0.0886
16.6500	0.2300
16.6667	0.5776
16.6833	0.8963
16.7000	1.1280
16.7167	0.9542
16.7333	0.4328
16.7500	-0.0017
16.7667	-0.3494
16.7833	-0.4363
16.8000	-0.3783
16.8167	-0.2045
16.8333	0.0272
16.8500	0.3459
16.8667	0.5776
16.8833	0.8094
16.9000	0.9542
16.9167	0.8094
16.9333	0.4618
16.9500	0.1141
16.9667	-0.1466
16.9833	-0.2045
17.0000	-0.1176
17.0167	0.0272
17.0333	0.2879
17.0500	0.5197
17.0667	0.7804
17.0833	0.9253
17.1000	0.5487
17.1167	0.2300
17.1333	-0.2045
17.1500	-0.4363
17.1667	-0.6390
17.1833	-0.6970
17.2000	-0.5232
17.2167	-0.2914
17.2333	0.0852
17.2500	0.4038
17.2667	0.7225
17.2833	0.9542
17.3000	0.6356
17.3167	0.2300
17.3333	-0.2045
17.3500	-0.4942
17.3667	-0.6680
17.3833	-0.6101
17.4000	-0.4652
17.4167	-0.2045
17.4333	0.0562
17.4500	0.3749
17.4667	0.6356
17.4833	0.6935
17.5000	0.2300
17.5167	-0.0886
17.5333	-0.5232
17.5500	-0.7839
17.5667	-0.8708
17.5833	-0.6680
17.6000	-0.4363
17.6167	-0.0886
17.6333	0.2300
17.6500	0.5487
17.6667	0.7514
17.6833	0.3169
17.7000	-0.2625
17.7167	-0.7839
17.7333	-1.1025
17.7500	-1.2184
17.7667	-1.1315
17.7833	-0.8998
17.8000	-0.5811
17.8167	-0.2335
17.8333	0.0272
17.8500	0.3169
17.8667	0.2590
17.8833	-0.1176
17.9000	-0.4652
17.9167	-0.7839
17.9333	-0.9577
17.9500	-1.0156
17.9667	-0.8998
17.9833	-0.6680
18.0000	-0.3494
18.0167	-0.0017
18.0333	0.3459
18.0500	0.6066
18.0667	0.8384
18.0833	0.6935
18.1000	-0.2045
18.1167	-0.7549
18.1333	-1.3633
18.1500	-1.3922
18.1667	-1.2474
18.1833	-1.0156
18.2000	-0.7549
18.2167	-0.4652
18.2333	-0.2045
18.2500	-0.1756
18.2667	-0.5521
18.2833	-0.8708
18.3000	-1.2184
18.3167	-1.3343
18.3333	-1.4502
18.3500	-1.3343
18.3667	-1.1605
18.3833	-0.8129
18.4000	-0.4942
18.4167	-0.2335
18.4333	-0.0597
18.4500	-0.2335
18.4667	-0.5232
18.4833	-0.8129
18.5000	-1.1025
18.5167	-1.2474
18.5333	-1.2474
18.5500	-1.0736
18.5667	-0.8708
18.5833	-0.5521
18.6000	-0.2914
18.6167	-0.0307
18.6333	-0.1466
18.6500	-0.5232
18.6667	-0.8129
18.6833	-1.1895
18.7000	-1.3343
18.7167	-1.4791
18.7333	-1.3633
18.7500	-1.0736
18.7667	-0.7260
18.7833	-0.3204
18.8000	0.0562
18.8167	0.3749
18.8333	0.5776
18.8500	0.3749
18.8667	0.0272
18.8833	-0.3494
18.9000	-0.5811
18.9167	-0.5811
18.9333	-0.3783
18.9500	-0.1466
18.9667	0.1721
18.9833	0.4907
19.0000	0.7804
19.0167	1.0122
19.0333	1.1280
19.0500	0.6356
19.0667	0.2010
19.0833	-0.2335
19.1000	-0.4363
19.1167	-0.4073
19.1333	-0.2335
19.1500	0.0272
19.1667	0.3749
19.1833	0.6356
19.2000	0.8963
19.2167	1.1280
19.2333	1.1860
19.2500	0.7804
19.2667	0.4038
19.2833	0.0562
19.3000	-0.1176
19.3167	-0.0886
19.3333	0.0562
19.3500	0.3169
19.3667	0.5487
19.3833	0.7514
19.4000	0.6935
19.4167	0.3749
19.4333	0.1141
19.4500	-0.1756
19.4667	-0.3204
19.4833	-0.5232
19.5000	-0.5811
19.5167	-0.4363
19.5333	-0.1756
19.5500	0.1721
19.5667	0.4618
19.5833	0.6645
19.6000	0.3749
19.6167	0.1721
19.6333	-0.0597
19.6500	-0.2335
19.6667	-0.3783
19.6833	-0.5232
19.7000	-0.4363
19.7167	-0.2335
19.7333	0.0562
19.7500	0.3749
19.7667	0.7225
19.7833	0.8673
19.8000	0.4618
19.8167	0.1721
19.8333	-0.1756
19.8500	-0.3494
19.8667	-0.4942
19.8833	-0.5521
19.9000	-0.4073
19.9167	-0.1466
19.9333	0.2300
19.9500	0.5776
19.9667	0.8673
19.9833	0.8963
20.0000	0.6356
20.0167	0.4038
20.0333	0.0562
20.0500	-0.1176
20.0667	-0.2625
20.0833	-0.3204
20.1000	-0.2045
20.1167	0.0272
20.1333	0.4038
20.1500	0.7225
20.1667	0.9253
20.1833	0.5776
20.2000	0.2590
20.2167	-0.0597
20.2333	-0.2335
20.2500	-0.3494
20.2667	-0.4363
20.2833	-0.3494
20.3000	-0.1466
20.3167	0.1431
20.3333	0.3749
20.3500	0.6645
20.3667	0.5197
20.3833	0.3169
20.4000	0.1141
20.4167	-0.1176
20.4333	-0.2045
20.4500	-0.3204
20.4667	-0.2625
20.4833	0.0272
20.5000	0.3749
20.5167	0.7804
20.5333	1.1280
20.5500	1.4467
20.5667	1.7654
20.5833	1.5336
20.6000	1.0411
20.6167	0.6066
20.6333	0.2879
20.6500	0.1721
20.6667	0.2879
20.6833	0.4328
20.7000	0.7225
20.7167	1.0411
20.7333	1.3308
20.7500	1.7074
20.7667	1.7654
20.7833	1.0701
20.8000	0.5487
20.8167	0.0562
20.8333	0.1141
20.8500	0.0562
20.8667	-0.2045
20.8833	0.0272
20.9000	0.3169
20.9167	0.5776
20.9333	0.7514
20.9500	0.4907
20.9667	0.2879
20.9833	0.0852
21.0000	-0.0597
21.0167	-0.1176
21.0333	-0.2045
21.0500	-0.0886
21.0667	0.1721
21.0833	0.4618
21.1000	0.8094
21.1167	1.0991
21.1333	1.3308
21.1500	1.4177
21.1667	1.1280
21.1833	0.7804
21.2000	0.4328
21.2167	0.2300
21.2333	0.2010
21.2500	0.4038
21.2667	0.6356
21.2833	0.9542
21.3000	1.2439
21.3167	1.4757
21.3333	1.7943
21.3500	1.5915
21.3667	1.2439
21.3833	0.6935
21.4000	0.3749
21.4167	0.2300
21.4333	0.2590
21.4500	0.4618
21.4667	0.7804
21.4833	1.1280
21.5000	1.4177
21.5167	1.7654
21.5333	1.7943
21.5500	1.7943
21.5667	1.6784
21.5833	1.3308
21.6000	1.0122
21.6167	0.7225
21.6333	0.7804
21.6500	0.9832
21.6667	1.2729
21.6833	1.7074
21.7000	1.8233
21.7167	1.8812
21.7333	1.6784
21.7500	1.2149
21.7667	0.8094
21.7833	0.5487
21.8000	0.3169
21.8167	0.1431
21.8333	0.2300
21.8500	0.4907
21.8667	0.8094
21.8833	1.1280
21.9000	1.3598
21.9167	1.0411
21.9333	0.8094
21.9500	0.6066
21.9667	0.4328
21.9833	0.2879
22.0000	0.0852
22.0167	0.0852
22.0333	0.2590
22.0500	0.5487
22.0667	0.8963
22.0833	1.1860
22.1000	1.1570
22.1167	0.6935
22.1333	0.4618
22.1500	0.2010
22.1667	0.0852
22.1833	-0.0307
22.2000	-0.0886
22.2167	0.0562
22.2333	0.2300
22.2500	0.5487
22.2667	1.0701
22.2833	1.1280
22.3000	0.8094
22.3167	0.5776
22.3333	0.2300
22.3500	0.0852
22.3667	-0.0597
22.3833	-0.0017
22.4000	0.2300
22.4167	0.5487
22.4333	0.8963
22.4500	1.2149
22.4667	1.5336
22.4833	1.7654
22.5000	1.7654
22.5167	0.7225
22.5333	0.1141
22.5500	-0.5521
22.5667	-0.7260
22.5833	-0.6101
22.6000	-0.4073
22.6167	-0.1176
22.6333	0.2010
22.6500	0.5487
22.6667	0.8673
22.6833	1.1570
22.7000	0.9542
22.7167	0.4038
22.7333	-0.0597
22.7500	-0.3783
22.7667	-0.3783
22.7833	-0.2625
22.8000	-0.1176
22.8167	0.1141
22.8333	0.3459
22.8500	0.5487
22.8667	0.6356
22.8833	0.2590
22.9000	-0.0886
22.9167	-0.4652
22.9333	-0.6680
22.9500	-0.7549
22.9667	-0.6390
22.9833	-0.4363
23.0000	-0.1176
23.0167	0.2590
23.0333	0.5487
23.0500	0.8094
23.0667	0.9832
23.0833	0.5487
23.1000	0.0272
23.1167	-0.4363
23.1333	-0.6970
23.1500	-0.7260
23.1667	-0.6101
23.1833	-0.3494
23.2000	-0.0017
23.2167	0.3459
23.2333	0.6935
23.2500	0.9832
23.2667	1.1860
23.2833	0.5197
23.3000	0.0562
23.3167	-0.4942
23.3333	-0.7839
23.3500	-0.7260
23.3667	-0.5521
23.3833	-0.2914
23.4000	-0.0307
23.4167	0.2590
23.4333	0.5197
23.4500	0.6935
23.4667	0.3749
23.4833	-0.0017
23.5000	-0.4073
23.5167	-0.6680
23.5333	-0.7260
23.5500	-0.6101
23.5667	-0.4363
23.5833	-0.2045
23.6000	0.0272
23.6167	0.2010
23.6333	0.1141
23.6500	-0.0597
23.6667	-0.2914
23.6833	-0.5232
23.7000	-0.6970
23.7167	-0.7839
23.7333	-0.6970
23.7500	-0.4942
23.7667	-0.1466
23.7833	0.2300
23.8000	0.4907
23.8167	0.7514
23.8333	0.8963
23.8500	0.7804
23.8667	0.5776
23.8833	0.2879
23.9000	0.0562
23.9167	-0.0886
23.9333	-0.0307
23.9500	0.1721
23.9667	0.4328
23.9833	0.6935
24.0000	0.8963
24.0167	1.0991
24.0333	0.8673
24.0500	0.5776
24.0667	0.2300
24.0833	-0.0597
24.1000	-0.2625
24.1167	-0.3783
24.1333	-0.2045
24.1500	0.0562
24.1667	0.4038
24.1833	0.7225
24.2000	1.0701
24.2167	1.3308
24.2333	1.0122
24.2500	0.5487
24.2667	0.0562
24.2833	-0.3494
24.3000	-0.5811
24.3167	-0.5811
24.3333	-0.4073
24.3500	-0.1466
24.3667	0.2590
24.3833	0.6356
24.4000	0.9253
24.4167	1.1860
24.4333	0.7804
24.4500	0.3169
24.4667	-0.2045
24.4833	-0.5521
24.5000	-0.6680
24.5167	-0.5521
24.5333	-0.3783
24.5500	-0.0886
24.5667	0.2300
24.5833	0.5197
24.6000	0.7804
24.6167	0.6935
24.6333	0.1141
24.6500	-0.3204
24.6667	-0.7260
24.6833	-0.8708
24.7000	-0.8708
24.7167	-0.7260
24.7333	-0.5521
24.7500	-0.3204
24.7667	-0.1466
24.7833	-0.0017
24.8000	-0.1756
24.8167	-0.3783
24.8333	-0.6101
24.8500	-0.8129
24.8667	-0.9577
24.8833	-1.0156
24.9000	-0.8418
24.9167	-0.5521
24.9333	-0.2045
24.9500	0.1721
24.9667	0.5487
24.9833	0.8384
25.0000	1.0411
25.0167	0.6935
25.0333	0.0852
25.0500	-0.4073
25.0667	-0.8418
25.0833	-0.8998
25.1000	-0.7839
25.1167	-0.5521
25.1333	-0.2045
25.1500	0.1431
25.1667	0.4907
25.1833	0.7225
25.2000	0.4618
25.2167	0.1141
25.2333	-0.3204
25.2500	-0.5521
25.2667	-0.6101
25.2833	-0.5232
25.3000	-0.3204
25.3167	-0.0597
25.3333	0.2300
25.3500	0.4907
25.3667	0.6645
25.3833	0.6066
25.4000	0.3749
25.4167	0.0272
25.4333	-0.2045
25.4500	-0.4073
25.4667	-0.4363
25.4833	-0.2335
25.5000	0.0272
25.5167	0.3459
25.5333	0.6645
25.5500	1.0122
25.5667	1.2439
25.5833	1.3598
25.6000	0.7804
25.6167	0.2300
25.6333	-0.2914
25.6500	-0.6680
25.6667	-0.6101
25.6833	-0.4073
25.7000	-0.1176
25.7167	0.2010
25.7333	0.5487
25.7500	0.8673
25.7667	1.1280
25.7833	1.3598
25.8000	0.6935
25.8167	0.2590
25.8333	-0.2625
25.8500	-0.4652
25.8667	-0.3783
25.8833	-0.2045
25.9000	0.0562
25.9167	0.3169
25.9333	0.5776
25.9500	0.6935
25.9667	0.4038
25.9833	0.1141
26.0000	-0.2625
26.0167	-0.4363
26.0333	-0.5232
26.0500	-0.5232
26.0667	-0.3204
26.0833	-0.1176
26.1000	0.1721
26.1167	0.3749
26.1333	0.6066
26.1500	0.7514
26.1667	0.5776
26.1833	0.3169
26.2000	-0.0017
26.2167	-0.2625
26.2333	-0.4363
26.2500	-0.4363
26.2667	-0.2335
26.2833	-0.0017
26.3000	0.3169
26.3167	0.6356
26.3333	0.6935
26.3500	0.2300
26.3667	-0.0597
26.3833	-0.4363
26.4000	-0.6390
26.4167	-0.7549
26.4333	-0.8708
26.4500	-0.8129
26.4667	-0.6101
26.4833	-0.2625
26.5000	0.0852
26.5167	0.3459
26.5333	0.2010
26.5500	-0.0307
26.5667	-0.1756
26.5833	-0.4652
26.6000	-0.5521
26.6167	-0.6970
26.6333	-0.6970
26.6500	-0.4363
26.6667	-0.1756
26.6833	0.2300
26.7000	0.5487
26.7167	0.8384
26.7333	1.0122
26.7500	0.7225
26.7667	0.3169
26.7833	-0.1466
26.8000	-0.4363
26.8167	-0.5811
26.8333	-0.5232
26.8500	-0.3204
26.8667	-0.0017
26.8833	0.3169
26.9000	0.6066
26.9167	0.8963
26.9333	1.0701
26.9500	0.4907
26.9667	-0.2335
26.9833	-0.8418
27.0000	-1.2474
27.0167	-1.3343
27.0333	-1.1895
27.0500	-0.8998
27.0667	-0.5521
27.0833	-0.2045
27.1000	-0.0597
27.1167	-0.4363
27.1333	-0.7839
27.1500	-1.0446
27.1667	-1.1605
27.1833	-1.2474
27.2000	-1.3922
27.2167	-1.3053
27.2333	-1.1895
27.2500	-0.8998
27.2667	-0.6101
27.2833	-0.3494
27.3000	-0.3494
27.3167	-0.5811
27.3333	-0.7260
27.3500	-0.8998
27.3667	-0.9867
27.3833	-1.0156
27.4000	-1.1025
27.4167	-1.1025
27.4333	-0.9287
27.4500	-0.6970
27.4667	-0.3494
27.4833	-0.0307
27.5000	0.2590
27.5167	0.4618
27.5333	0.4907
27.5500	-0.1466
27.5667	-0.6970
27.5833	-1.2184
27.6000	-1.3633
27.6167	-1.3633
27.6333	-1.1895
27.6500	-0.9577
27.6667	-0.6680
27.6833	-0.3783
27.7000	-0.1176
27.7167	-0.2335
27.7333	-0.5521
27.7500	-0.8418
27.7667	-1.1025
27.7833	-1.2474
27.8000	-1.3343
27.8167	-1.1605
27.8333	-0.9577
27.8500	-0.6680
27.8667	-0.3783
27.8833	-0.1756
27.9000	-0.0017
27.9167	-0.3204
27.9333	-0.6101
27.9500	-0.9577
27.9667	-1.1895
27.9833	-1.3633
28.0000	-1.3343
28.0167	-1.0156
28.0333	-0.7260
28.0500	-0.3204
28.0667	0.1141
28.0833	0.4328
28.1000	0.7225
28.1167	0.9832
28.1333	0.6066
28.1500	0.1431
28.1667	-0.2914
28.1833	-0.5521
28.2000	-0.4363
28.2167	-0.2625
28.2333	0.0272
28.2500	0.2879
28.2667	0.5487
28.2833	0.7804
28.3000	0.9832
28.3167	0.6356
28.3333	0.0852
28.3500	-0.3494
28.3667	-0.6390
28.3833	-0.6680
28.4000	-0.5521
28.4167	-0.3783
28.4333	-0.1466
28.4500	0.0562
28.4667	0.3749
28.4833	0.5487
28.5000	0.4907
28.5167	0.2590
28.5333	-0.0597
28.5500	-0.3204
28.5667	-0.4942
28.5833	-0.5521
28.6000	-0.3783
28.6167	-0.1176
28.6333	0.1721
28.6500	0.4618
28.6667	0.6645
28.6833	0.3749
28.7000	-0.1176
28.7167	-0.5521
28.7333	-0.9287
28.7500	-1.0736
28.7667	-1.2184
28.7833	-1.1315
28.8000	-0.9287
28.8167	-0.6390
28.8333	-0.2335
28.8500	0.0852
28.8667	0.3169
28.8833	-0.0597
28.9000	-0.2914
28.9167	-0.6680
28.9333	-0.8998
28.9500	-1.0736
28.9667	-1.1025
28.9833	-0.9867
29.0000	-0.8129
29.0167	-0.4652
29.0333	-0.2335
29.0500	-0.0307
29.0667	-0.2335
29.0833	-0.5521
29.1000	-0.8708
29.1167	-1.1605
29.1333	-1.2764
29.1500	-1.4212
29.1667	-1.3053
29.1833	-1.0446
29.2000	-0.7260
29.2167	-0.3494
29.2333	-0.0597
29.2500	0.1721
29.2667	-0.0307
29.2833	-0.3204
29.3000	-0.6390
29.3167	-0.8418
29.3333	-0.9287
29.3500	-0.9577
29.3667	-0.7549
29.3833	-0.4652
29.4000	-0.2335
29.4167	0.1141
29.4333	0.4328
29.4500	0.6935
29.4667	0.8673
29.4833	0.4038
29.5000	-0.0886
29.5167	-0.5811
29.5333	-0.9867
29.5500	-0.8129
29.5667	-0.6680
29.5833	-0.5521
29.6000	-0.0886
29.6167	0.2590
29.6333	0.5487
29.6500	0.6935
29.6667	1.0701
29.6833	0.4038
29.7000	-0.4073
29.7167	-0.8708
29.7333	-1.2764
29.7500	-1.1605
29.7667	-1.0156
29.7833	-0.7549
29.8000	-0.5232
29.8167	-0.2914
29.8333	-0.0597
29.8500	-0.2625
29.8667	-0.5232
29.8833	-0.8708
29.9000	-1.1025
29.9167	-1.2474
29.9333	-1.2474
29.9500	-1.0446
29.9667	-0.7260
29.9833	-0.3783
30.0000	0.0272
30.0167	0.3459
30.0333	0.5776
30.0500	0.3749
30.0667	-0.3494
30.0833	-0.8998
30.1000	-1.3343
30.1167	-1.5371
30.1333	-1.4212
30.1500	-1.2474
30.1667	-1.0156
30.1833	-0.6970
30.2000	-0.4073
30.2167	-0.2335
30.2333	-0.4363
30.2500	-0.7260
30.2667	-1.0156
30.2833	-1.2474
30.3000	-1.3053
30.3167	-1.2764
30.3333	-1.0446
30.3500	-0.8129
30.3667	-0.4652
30.3833	-0.1176
30.4000	0.1141
30.4167	0.3459
30.4333	0.4907
30.4500	0.0562
30.4667	-0.3494
30.4833	-0.7260
30.5000	-0.9287
30.5167	-0.8418
30.5333	-0.6970
30.5500	-0.4073
30.5667	-0.0886
30.5833	0.1431
30.6000	0.4038
30.6167	0.5197
30.6333	0.2590
30.6500	-0.1466
30.6667	-0.4652
30.6833	-0.8418
30.7000	-0.8998
30.7167	-0.7839
30.7333	-0.5811
30.7500	-0.2625
30.7667	0.0272
30.7833	0.3749
30.8000	0.6356
30.8167	0.8963
30.8333	0.6356
30.8500	0.2590
30.8667	-0.1466
30.8833	-0.4652
30.9000	-0.4942
30.9167	-0.3494
30.9333	-0.1466
30.9500	0.1431
30.9667	0.3749
30.9833	0.5197
31.0000	0.2010
31.0167	-0.0597
31.0333	-0.3783
31.0500	-0.5811
31.0667	-0.7839
31.0833	-0.8998
31.1000	-0.7839
31.1167	-0.6101
31.1333	-0.2625
31.1500	0.0852
31.1667	0.3749
31.1833	0.4907
31.2000	-0.0017
31.2167	-0.2914
31.2333	-0.6680
31.2500	-0.8708
31.2667	-1.0446
31.2833	-1.1605
31.3000	-1.0446
31.3167	-0.7839
31.3333	-0.3783
31.3500	-0.0597
31.3667	0.0562
31.3833	-0.2914
31.4000	-0.5521
31.4167	-0.6970
31.4333	-0.7839
31.4500	-0.8418
31.4667	-0.9577
31.4833	-0.8708
31.5000	-0.6390
31.5167	-0.3783
31.5333	-0.0597
31.5500	0.2010
31.5667	0.3749
31.5833	0.1141
31.6000	-0.1176
31.6167	-0.4363
31.6333	-0.6390
31.6500	-0.8129
31.6667	-0.8998
31.6833	-0.7549
31.7000	-0.5521
31.7167	-0.2335
31.7333	0.0852
31.7500	0.3459
31.7667	0.3749
31.7833	-0.0597
31.8000	-0.4073
31.8167	-0.8129
31.8333	-0.9287
31.8500	-1.0736
31.8667	-1.0446
31.8833	-0.8418
31.9000	-0.5811
31.9167	-0.2335
31.9333	0.0562
31.9500	0.2879
31.9667	0.0852
31.9833	-0.0597
32.0000	-0.3204
32.0167	-0.5811
32.0333	-0.6970
32.0500	-0.7260
32.0667	-0.5811
32.0833	-0.2914
32.1000	0.1141
32.1167	0.4907
32.1333	0.9542
32.1500	1.1280
32.1667	1.1570
32.1833	0.7804
32.2000	0.3749
32.2167	0.0562
32.2333	-0.0886
32.2500	-0.0597
32.2667	0.1141
32.2833	0.3459
32.3000	0.6645
32.3167	0.9542
32.3333	1.2149
32.3500	1.3888
32.3667	1.1860
32.3833	0.7225
32.4000	0.3169
32.4167	0.0272
32.4333	-0.1176
32.4500	-0.0017
32.4667	0.2300
32.4833	0.4907
32.5000	0.8384
32.5167	1.1570
32.5333	1.4757
32.5500	1.7654
32.5667	1.5046
32.5833	1.0122
32.6000	0.5487
32.6167	0.1721
32.6333	0.1721
32.6500	0.3459
32.6667	0.5197
32.6833	0.8384
32.7000	1.0701
32.7167	1.3308
32.7333	1.5626
32.7500	1.7074
32.7667	1.1860
32.7833	0.7804
32.8000	0.3749
32.8167	0.1721
32.8333	0.2590
32.8500	0.4328
32.8667	0.6935
32.8833	1.0122
32.9000	1.1860
32.9167	1.3598
32.9333	1.1860
32.9500	0.9542
32.9667	0.6645
32.9833	0.4038
33.0000	0.2590
33.0167	0.1721
33.0333	0.3459
33.0500	0.6066
33.0667	0.9832
33.0833	1.3019
33.1000	1.7364
33.1167	1.7654
33.1333	1.8523
33.1500	1.8523
33.1667	1.3888
33.1833	1.0122
33.2000	0.7225
33.2167	0.6645
33.2333	0.8384
33.2500	1.0991
33.2667	1.3888
33.2833	1.7364
33.3000	1.7654
33.3167	1.3598
33.3333	1.0122
33.3500	0.6645
33.3667	0.4618
33.3833	0.2879
33.4000	0.1141
33.4167	0.1141
33.4333	0.3459
33.4500	0.6935
33.4667	1.0411
33.4833	1.3019
33.5000	1.1860
33.5167	0.8673
33.5333	0.6935
33.5500	0.4618
33.5667	0.3459
33.5833	0.2300
33.6000	0.1141
33.6167	0.2590
33.6333	0.5776
33.6500	0.9542
33.6667	1.2729
33.6833	1.7074
33.7000	1.7654
33.7167	1.7074
33.7333	0.8963
33.7500	0.4038
33.7667	-0.0017
33.7833	-0.1756
33.8000	-0.2045
33.8167	-0.0017
33.8333	0.2300
33.8500	0.5487
33.8667	0.8384
33.8833	1.0701
33.9000	0.8384
33.9167	0.4907
33.9333	0.1431
33.9500	-0.1176
33.9667	-0.2625
33.9833	-0.3494
34.0000	-0.2335
34.0167	-0.0597
34.0333	0.2590
34.0500	0.5487
34.0667	0.8384
34.0833	0.8384
34.1000	0.2590
34.1167	-0.1756
34.1333	-0.5811
34.1500	-0.7549
34.1667	-0.8998
34.1833	-0.8708
34.2000	-0.6970
34.2167	-0.4073
34.2333	-0.0017
34.2500	0.3459
34.2667	0.6935
34.2833	0.9542
34.3000	0.8384
34.3167	0.3459
34.3333	-0.0307
34.3500	-0.3494
34.3667	-0.4073
34.3833	-0.2914
34.4000	-0.1756
34.4167	0.0562
34.4333	0.2879
34.4500	0.4907
34.4667	0.6645
34.4833	0.4328
34.5000	-0.0307
34.5167	-0.4652
34.5333	-0.7549
34.5500	-0.8708
34.5667	-0.8708
34.5833	-0.6970
34.6000	-0.4652
34.6167	-0.1176
34.6333	0.1721
34.6500	0.4618
34.6667	0.4907
34.6833	0.2879
34.7000	0.0272
34.7167	-0.2914
34.7333	-0.4652
34.7500	-0.5811
34.7667	-0.4363
34.7833	-0.2335
34.8000	0.0562
34.8167	0.4038
34.8333	0.7225
34.8500	0.9542
34.8667	1.0991
34.8833	0.7514
34.9000	0.2879
34.9167	-0.1466
34.9333	-0.4073
34.9500	-0.4942
34.9667	-0.2914
34.9833	-0.0307
35.0000	0.3169
35.0167	0.6356
35.0333	0.9253
35.0500	1.1860
35.0667	1.4177
35.0833	0.9832
35.1000	0.4907
35.1167	0.0272
35.1333	-0.2335
35.1500	-0.2335
35.1667	-0.0886
35.1833	0.1141
35.2000	0.4038
35.2167	0.6066
35.2333	0.8094
35.2500	0.6645
35.2667	0.4618
35.2833	0.2300
35.3000	0.0562
35.3167	-0.0886
35.3333	-0.1466
35.3500	-0.0307
35.3667	0.2010
35.3833	0.4907
35.4000	0.7804
35.4167	1.0122
35.4333	1.2439
35.4500	1.2149
35.4667	0.9253
35.4833	0.6066
35.5000	0.3169
35.5167	0.1431
35.5333	0.1141
35.5500	0.3169
35.5667	0.5487
35.5833	0.8963
35.6000	1.1570
35.6167	1.3598
35.6333	1.1570
35.6500	0.8963
35.6667	0.5776
35.6833	0.2879
35.7000	0.1431
35.7167	-0.0886
35.7333	-0.0017
35.7500	0.2300
35.7667	0.5487
35.7833	0.8963
35.8000	1.2149
35.8167	1.5336
35.8333	1.6495
35.8500	1.0991
35.8667	0.7225
35.8833	0.3169
35.9000	0.0852
35.9167	-0.0307
35.9333	0.0562
35.9500	0.2590
35.9667	0.5487
35.9833	0.8094
36.0000	1.1570
36.0167	1.4467
36.0333	1.5336
36.0500	1.0122
36.0667	0.6066
36.0833	0.1721
36.1000	-0.0886
36.1167	-0.1176
36.1333	0.0272
36.1500	0.2590
36.1667	0.5776
36.1833	0.8963
36.2000	1.1860
36.2167	1.4467
36.2333	1.3598
36.2500	0.5197
36.2667	-0.0597
36.2833	-0.6390
36.3000	-0.7839
36.3167	-0.6680
36.3333	-0.4942
36.3500	-0.2335
36.3667	0.0562
36.3833	0.3169
36.4000	0.4328
36.4167	0.1721
36.4333	-0.0017
36.4500	-0.3204
36.4667	-0.4942
36.4833	-0.6101
36.5000	-0.6101
36.5167	-0.4073
36.5333	-0.1466
36.5500	0.2590
36.5667	0.5487
36.5833	0.8673
36.6000	1.0991
36.6167	1.2149
36.6333	0.5487
36.6500	-0.1176
36.6667	-0.7260
36.6833	-1.0736
36.7000	-1.0156
36.7167	-0.8129
36.7333	-0.5232
36.7500	-0.2045
36.7667	0.1431
36.7833	0.4618
36.8000	0.6356
36.8167	0.1431
36.8333	-0.2914
36.8500	-0.7549
36.8667	-0.9577
36.8833	-1.0156
36.9000	-0.8708
36.9167	-0.6970
36.9333	-0.4073
36.9500	-0.1466
36.9667	0.1431
36.9833	0.0562
37.0000	-0.2914
37.0167	-0.5811
37.0333	-0.8998
37.0500	-1.0156
37.0667	-1.1605
37.0833	-1.0736
37.1000	-0.9287
37.1167	-0.6970
37.1333	-0.3783
37.1500	-0.1466
37.1667	-0.0597
37.1833	-0.3783
37.2000	-0.6101
37.2167	-0.9287
37.2333	-1.1025
37.2500	-1.2184
37.2667	-1.2184
37.2833	-1.0156
37.3000	-0.6970
37.3167	-0.2914
37.3333	0.1141
37.3500	0.4328
37.3667	0.7225
37.3833	0.9253
37.4000	0.5776
37.4167	0.1141
37.4333	-0.2914
37.4500	-0.5811
37.4667	-0.6390
37.4833	-0.4363
37.5000	-0.1756
37.5167	0.1141
37.5333	0.3749
37.5500	0.7225
37.5667	0.8963
37.5833	0.5487
37.6000	0.1431
37.6167	-0.2625
37.6333	-0.5232
37.6500	-0.6101
37.6667	-0.5521
37.6833	-0.3783
37.7000	-0.2045
37.7167	0.0852
37.7333	0.3749
37.7500	0.5776
37.7667	0.5487
37.7833	0.3169
37.8000	0.0562
37.8167	-0.2625
37.8333	-0.4363
37.8500	-0.5521
37.8667	-0.4073
37.8833	-0.1756
37.9000	0.1431
37.9167	0.4328
37.9333	0.5776
37.9500	0.2300
37.9667	-0.0597
37.9833	-0.3494
38.0000	-0.5811
38.0167	-0.7260
38.0333	-0.8708
38.0500	-0.8708
38.0667	-0.6970
38.0833	-0.3783
38.1000	-0.0597
38.1167	0.2010
38.1333	0.2590
38.1500	-0.0017
38.1667	-0.1466
38.1833	-0.3204
38.2000	-0.4363
38.2167	-0.5811
38.2333	-0.6970
38.2500	-0.6101
38.2667	-0.3494
38.2833	-0.0307
38.3000	0.3169
38.3167	0.5776
38.3333	0.7225
38.3500	0.3749
38.3667	0.1141
38.3833	-0.2914
38.4000	-0.4942
38.4167	-0.6680
38.4333	-0.6680
38.4500	-0.4652
38.4667	-0.2045
38.4833	0.1721
38.5000	0.5197
38.5167	0.8094
38.5333	0.9253
38.5500	0.4328
38.5667	0.0562
38.5833	-0.3783
38.6000	-0.6101
38.6167	-0.7260
38.6333	-0.6390
38.6500	-0.4363
38.6667	-0.1466
38.6833	0.2300
38.7000	0.5197
38.7167	0.7514
38.7333	0.4038
38.7500	-0.0886
38.7667	-0.4942
38.7833	-0.7549
38.8000	-0.8418
38.8167	-0.8998
38.8333	-0.8418
38.8500	-0.6970
38.8667	-0.4363
38.8833	-0.2335
38.9000	-0.1176
38.9167	-0.3204
38.9333	-0.4652
38.9500	-0.5811
38.9667	-0.6390
38.9833	-0.7260
39.0000	-0.7839
39.0167	-0.6390
39.0333	-0.4073
39.0500	-0.0597
39.0667	0.2879
39.0833	0.5776
39.1000	0.8384
39.1167	0.9832
39.1333	0.6356
39.1500	0.1141
39.1667	-0.3783
39.1833	-0.7260
39.2000	-0.8129
39.2167	-0.6680
39.2333	-0.4073
39.2500	-0.1176
39.2667	0.1721
39.2833	0.5197
39.3000	0.7514
39.3167	1.0122
39.3333	0.2879
39.3500	-0.2914
39.3667	-0.8418
39.3833	-1.1315
39.4000	-1.1315
39.4167	-1.0156
39.4333	-0.7839
39.4500	-0.4942
39.4667	-0.2335
39.4833	-0.0017
39.5000	-0.2335
39.5167	-0.5232
39.5333	-0.7839
39.5500	-0.9867
39.5667	-1.0446
39.5833	-1.1025
39.6000	-0.9867
39.6167	-0.7549
39.6333	-0.4363
39.6500	-0.1466
39.6667	0.1141
39.6833	0.3169
39.7000	0.4038
39.7167	0.1141
39.7333	-0.2625
39.7500	-0.5811
39.7667	-0.8129
39.7833	-0.8129
39.8000	-0.6101
39.8167	-0.3783
39.8333	-0.0597
39.8500	0.2590
39.8667	0.5487
39.8833	0.7225
39.9000	0.6645
39.9167	0.0852
39.9333	-0.3494
39.9500	-0.7839
39.9667	-0.9287
39.9833	-0.8708
40.0000	-0.6970
40.0167	-0.4652
40.0333	-0.2045
40.0500	0.1141
40.0667	0.3459
40.0833	0.4038
40.1000	0.1721
40.1167	-0.0886
40.1333	-0.3783
40.1500	-0.5521
40.1667	-0.6390
40.1833	-0.4942
40.2000	-0.2914
40.2167	-0.0017
40.2333	0.2879
40.2500	0.4907
40.2667	0.3169
40.2833	-0.2045
40.3000	-0.5811
40.3167	-0.9867
40.3333	-1.1605
40.3500	-1.3633
40.3667	-1.4212
40.3833	-1.2764
40.4000	-0.9577
40.4167	-0.6101
40.4333	-0.3204
40.4500	-0.1176
40.4667	-0.4652
40.4833	-0.7260
40.5000	-0.9867
40.5167	-1.1605
40.5333	-1.2764
40.5500	-1.4502
40.5667	-1.4212
40.5833	-1.2474
40.6000	-0.9867
40.6167	-0.6970
40.6333	-0.4942
40.6500	-0.7839
40.6667	-1.0446
40.6833	-1.2474
40.7000	-1.3922
40.7167	-1.4502
40.7333	-1.5660
40.7500	-1.5371
40.7667	-1.3343
40.7833	-1.0446
40.8000	-0.7260
40.8167	-0.4652
40.8333	-0.2335
40.8500	-0.2914
40.8667	-0.4942
40.8833	-0.7260
40.9000	-1.0156
40.9167	-1.1605
40.9333	-1.3053
40.9500	-1.1895
40.9667	-0.9867
40.9833	-0.6390
41.0000	-0.2625
41.0167	0.0272
41.0333	0.3459
41.0500	0.6066
41.0667	0.3459
41.0833	-0.4073
41.1000	-0.9577
41.1167	-1.4791
41.1333	-1.5950
41.1500	-1.4502
41.1667	-1.2184
41.1833	-0.9287
41.2000	-0.6101
41.2167	-0.2045
41.2333	0.1141
41.2500	0.4328
41.2667	0.3459
41.2833	-0.4652
41.3000	-1.0156
41.3167	-1.5660
41.3333	-1.5950
41.3500	-1.4502
41.3667	-1.2764
41.3833	-1.1025
41.4000	-0.8998
41.4167	-0.6680
41.4333	-0.7549
41.4500	-0.9867
41.4667	-1.2474
41.4833	-1.5081
41.5000	-1.6530
41.5167	-1.7109
41.5333	-1.5660
41.5500	-1.3343
41.5667	-1.0156
41.5833	-0.6970
41.6000	-0.3783
41.6167	-0.1756
41.6333	-0.0597
41.6500	-0.4942
41.6667	-0.8998
41.6833	-1.3633
41.7000	-1.5950
41.7167	-1.5950
41.7333	-1.4212
41.7500	-1.1605
41.7667	-0.8418
41.7833	-0.4652
41.8000	-0.1466
41.8167	0.1141
41.8333	0.1431
41.8500	-0.4942
41.8667	-0.9867
41.8833	-1.4791
41.9000	-1.6240
41.9167	-1.5371
41.9333	-1.3343
41.9500	-1.0736
41.9667	-0.8418
41.9833	-0.5811
42.0000	-0.3494
42.0167	-0.3494
42.0333	-0.6101
42.0500	-0.9287
42.0667	-1.2184
42.0833	-1.3922
42.1000	-1.3922
42.1167	-1.1895
42.1333	-0.9577
42.1500	-0.6680
42.1667	-0.3783
42.1833	-0.1176
42.2000	0.0272
42.2167	-0.2625
42.2333	-0.5811
42.2500	-0.9867
42.2667	-1.2184
42.2833	-1.3633
42.3000	-1.2764
42.3167	-1.1025
42.3333	-0.8129
42.3500	-0.3783
42.3667	-0.0886
42.3833	0.2010
42.4000	0.4038
42.4167	0.4038
42.4333	0.0272
42.4500	-0.3204
42.4667	-0.6680
42.4833	-0.7839
42.5000	-0.6970
42.5167	-0.5232
42.5333	-0.2914
42.5500	-0.0597
42.5667	0.1431
42.5833	-0.0017
42.6000	-0.3204
42.6167	-0.5811
42.6333	-0.8418
42.6500	-1.0156
42.6667	-1.2184
42.6833	-1.2764
42.7000	-1.0736
42.7167	-0.7549
42.7333	-0.4073
42.7500	-0.0886
42.7667	0.2300
42.7833	0.3459
42.8000	-0.1466
42.8167	-0.4942
42.8333	-1.0446
42.8500	-1.3633
42.8667	-1.5371
42.8833	-1.5081
42.9000	-1.2764
42.9167	-0.9287
42.9333	-0.5521
42.9500	-0.1466
42.9667	0.1721
42.9833	0.2300
43.0000	-0.3204
43.0167	-0.7549
43.0333	-1.2184
43.0500	-1.4791
43.0667	-1.5081
43.0833	-1.4212
43.1000	-1.2474
43.1167	-0.9287
43.1333	-0.6970
43.1500	-0.4073
43.1667	-0.4073
43.1833	-0.7839
43.2000	-1.1025
43.2167	-1.4212
43.2333	-1.5950
43.2500	-1.6530
43.2667	-1.6240
43.2833	-1.5081
43.3000	-1.2764
43.3167	-1.0156
43.3333	-0.7839
43.3500	-0.6970
43.3667	-1.0446
43.3833	-1.3343
43.4000	-1.6530
43.4167	-1.8268
43.4333	-1.9716
43.4500	-2.0006
43.4667	-1.8268
43.4833	-1.5371
43.5000	-1.1605
43.5167	-0.8129
43.5333	-0.4652
43.5500	-0.2914
43.5667	-0.4942
43.5833	-0.7549
43.6000	-1.1025
43.6167	-1.3633
43.6333	-1.5371
43.6500	-1.5081
43.6667	-1.2764
43.6833	-0.9577
43.7000	-0.6101
43.7167	-0.2045
43.7333	0.2010
43.7500	0.3459
43.7667	-0.0307
43.7833	-0.3494
43.8000	-0.7260
43.8167	-0.9577
43.8333	-0.9867
43.8500	-0.8708
43.8667	-0.6970
43.8833	-0.4652
43.9000	-0.1756
43.9167	0.0562
43.9333	0.2010
43.9500	0.0562
43.9667	-0.1466
43.9833	-0.4942
44.0000	-0.7260
44.0167	-0.8998
44.0333	-0.8418
44.0500	-0.6680
44.0667	-0.3783
44.0833	-0.0017
44.1000	0.3169
44.1167	0.6066
44.1333	0.7804
44.1500	0.5197
44.1667	-0.0597
44.1833	-0.5521
44.2000	-0.8998
44.2167	-1.0446
44.2333	-0.9287
44.2500	-0.6970
44.2667	-0.4073
44.2833	-0.0597
44.3000	0.2590
44.3167	0.5487
44.3333	0.8094
44.3500	0.3459
44.3667	-0.0307
44.3833	-0.4942
44.4000	-0.6680
44.4167	-0.6680
44.4333	-0.5232
44.4500	-0.3204
44.4667	-0.0886
44.4833	0.1431
44.5000	0.3749
44.5167	0.4038
44.5333	0.1141
44.5500	-0.1756
44.5667	-0.4942
44.5833	-0.6680
44.6000	-0.8129
44.6167	-0.6680
44.6333	-0.4652
44.6500	-0.1756
44.6667	0.1431
44.6833	0.4038
44.7000	0.6066
44.7167	0.7514
44.7333	0.6356
44.7500	0.2879
44.7667	-0.0886
44.7833	-0.3783
44.8000	-0.5521
44.8167	-0.4942
44.8333	-0.3494
44.8500	-0.0886
44.8667	0.2010
44.8833	0.3749
44.9000	-0.0017
44.9167	-0.3204
44.9333	-0.5521
44.9500	-0.7260
44.9667	-0.8129
44.9833	-0.9867
45.0000	-1.0446
45.0167	-0.8998
45.0333	-0.6390
45.0500	-0.3204
45.0667	-0.0017
45.0833	0.2010
45.1000	-0.0886
45.1167	-0.2914
45.1333	-0.4942
45.1500	-0.6390
45.1667	-0.7549
45.1833	-0.8708
45.2000	-0.7839
45.2167	-0.5521
45.2333	-0.2335
45.2500	0.1141
45.2667	0.4618
45.2833	0.6935
45.3000	0.8673
45.3167	0.4618
45.3333	0.1141
45.3500	-0.3783
45.3667	-0.7260
45.3833	-0.8418
45.4000	-0.7260
45.4167	-0.5811
45.4333	-0.2914
45.4500	0.0562
45.4667	0.3459
45.4833	0.6066
45.5000	0.7225
45.5167	-0.0307
45.5333	-0.6390
45.5500	-1.1605
45.5667	-1.4502
45.5833	-1.4502
45.6000	-1.3343
45.6167	-1.0156
45.6333	-0.7260
45.6500	-0.4073
45.6667	-0.2045
45.6833	-0.6390
45.7000	-1.0156
45.7167	-1.4212
45.7333	-1.5950
45.7500	-1.6819
45.7667	-1.7978
45.7833	-1.6819
45.8000	-1.5081
45.8167	-1.1605
45.8333	-0.8418
45.8500	-0.4942
45.8667	-0.2625
45.8833	-0.3783
45.9000	-0.7549
45.9167	-1.1025
45.9333	-1.3922
45.9500	-1.5371
45.9667	-1.5081
45.9833	-1.3053
46.0000	-1.1605
46.0167	-0.8708
46.0333	-0.6101
46.0500	-0.3783
46.0667	-0.2914
46.0833	-0.7549
46.1000	-1.2474
46.1167	-1.7399
46.1333	-2.0006
46.1500	-2.0875
46.1667	-2.0295
46.1833	-1.8847
46.2000	-1.5950
46.2167	-1.2764
46.2333	-0.9867
46.2500	-0.8418
46.2667	-1.1895
46.2833	-1.4212
46.3000	-1.7688
46.3167	-1.9137
46.3333	-2.0295
46.3500	-2.0295
46.3667	-1.8847
46.3833	-1.6819
46.4000	-1.3633
46.4167	-1.1025
46.4333	-0.8998
46.4500	-1.0736
46.4667	-1.4212
46.4833	-1.7399
46.5000	-1.9716
46.5167	-2.0875
46.5333	-2.1744
46.5500	-2.0585
46.5667	-1.7688
46.5833	-1.3633
46.6000	-0.9867
46.6167	-0.6101
46.6333	-0.2914
46.6500	-0.0597
46.6667	-0.0017
46.6833	-0.5521
46.7000	-0.9577
46.7167	-1.3633
46.7333	-1.4502
46.7500	-1.3053
46.7667	-1.1605
46.7833	-0.9287
46.8000	-0.6680
46.8167	-0.4073
46.8333	-0.2625
46.8500	-0.4363
46.8667	-0.8129
46.8833	-1.2184
46.9000	-1.5371
46.9167	-1.6530
46.9333	-1.6240
46.9500	-1.4212
46.9667	-1.2474
46.9833	-0.9577
47.0000	-0.7549
47.0167	-0.5521
47.0333	-0.4073
47.0500	-0.5811
47.0667	-0.7839
47.0833	-1.1025
47.1000	-1.3053
47.1167	-1.3922
47.1333	-1.3053
47.1500	-1.0736
47.1667	-0.8129
47.1833	-0.5232
47.2000	-0.2914
47.2167	-0.2914
47.2333	-0.6101
47.2500	-0.8418
47.2667	-1.1025
47.2833	-1.2474
47.3000	-1.4502
47.3167	-1.5660
47.3333	-1.4212
47.3500	-1.2184
47.3667	-0.8418
47.3833	-0.4652
47.4000	-0.1466
47.4167	0.0272
47.4333	-0.3204
47.4500	-0.5811
47.4667	-0.9577
47.4833	-1.2184
47.5000	-1.3633
47.5167	-1.3343
47.5333	-1.1605
47.5500	-0.9577
47.5667	-0.6680
47.5833	-0.3494
47.6000	-0.1756
47.6167	-0.3204
47.6333	-0.6680
47.6500	-1.0736
47.6667	-1.3922
47.6833	-1.5950
47.7000	-1.6530
47.7167	-1.5081
47.7333	-1.2184
47.7500	-0.8129
47.7667	-0.4363
47.7833	-0.1466
47.8000	0.1141
47.8167	-0.1176
47.8333	-0.6390
47.8500	-1.1025
47.8667	-1.5081
47.8833	-1.5950
47.9000	-1.5371
47.9167	-1.3053
47.9333	-1.0446
47.9500	-0.6970
47.9667	-0.4652
47.9833	-0.1756
48.0000	-0.0307
48.0167	-0.3204
48.0333	-0.6390
48.0500	-1.0156
48.0667	-1.3053
48.0833	-1.3922
48.1000	-1.2764
48.1167	-1.0736
48.1333	-0.7839
48.1500	-0.4652
48.1667	-0.1466
48.1833	0.1141
48.2000	0.3459
48.2167	0.2010
48.2333	-0.6390
48.2500	-1.2184
48.2667	-1.7978
48.2833	-1.8847
48.3000	-1.7688
48.3167	-1.5371
48.3333	-1.2474
48.3500	-0.9287
48.3667	-0.6390
48.3833	-0.3783
48.4000	-0.4942
48.4167	-0.8998
48.4333	-1.3343
48.4500	-1.7109
48.4667	-1.8268
48.4833	-1.7109
48.5000	-1.5371
48.5167	-1.2474
48.5333	-0.8708
48.5500	-0.5811
48.5667	-0.3204
48.5833	-0.0597
48.6000	-0.3783
48.6167	-1.2184
48.6333	-1.7399
48.6500	-2.1744
48.6667	-2.2323
48.6833	-2.0875
48.7000	-1.8847
48.7167	-1.5950
48.7333	-1.2764
48.7500	-0.9867
48.7667	-0.7549
48.7833	-0.9577
48.8000	-1.3053
48.8167	-1.6530
48.8333	-2.0006
48.8500	-2.0875
48.8667	-2.0295
48.8833	-1.7978
48.9000	-1.5660
48.9167	-1.2474
48.9333	-0.9287
48.9500	-0.6680
48.9667	-0.4942
48.9833	-0.3783
49.0000	-0.9287
49.0167	-1.2764
49.0333	-1.7688
49.0500	-1.9137
49.0667	-1.7978
49.0833	-1.5950
49.1000	-1.3343
49.1167	-1.0446
49.1333	-0.8129
49.1500	-0.6390
49.1667	-0.7260
49.1833	-1.0736
49.2000	-1.4791
49.2167	-1.7978
49.2333	-1.9716
49.2500	-1.9716
49.2667	-1.8557
49.2833	-1.6530
49.3000	-1.3922
49.3167	-1.1025
49.3333	-0.8708
49.3500	-0.7260
49.3667	-0.8998
49.3833	-1.0736
49.4000	-1.3633
49.4167	-1.4791
49.4333	-1.7688
49.4500	-1.6819
49.4667	-1.5371
49.4833	-1.2764
49.5000	-1.0156
49.5167	-0.7549
49.5333	-0.8129
49.5500	-1.1025
49.5667	-1.3053
49.5833	-1.5081
49.6000	-1.6819
49.6167	-1.8557
49.6333	-1.9716
49.6500	-1.8268
49.6667	-1.5950
49.6833	-1.2474
49.7000	-0.9577
49.7167	-0.6970
49.7333	-0.9867
49.7500	-1.2764
49.7667	-1.5371
49.7833	-1.7399
49.8000	-1.8557
49.8167	-2.0585
49.8333	-2.0585
49.8500	-1.8847
49.8667	-1.5950
49.8833	-1.2474
49.9000	-0.9867
49.9167	-1.1605
49.9333	-1.4502
49.9500	-1.5660
49.9667	-1.6819
49.9833	-1.7399
50.0000	-1.8268
50.0167	-1.8847
50.0333	-1.7109
50.0500	-1.4502
50.0667	-1.1025
50.0833	-0.7839
50.1000	-0.5521
50.1167	-0.4652
50.1333	-0.7260
50.1500	-0.8998
50.1667	-1.2184
50.1833	-1.4212
50.2000	-1.6530
50.2167	-1.7109
50.2333	-1.5950
50.2500	-1.2764
50.2667	-0.9577
50.2833	-0.6101
50.3000	-0.2914
50.3167	-0.3783
50.3333	-0.8998
50.3500	-1.3053
50.3667	-1.6819
50.3833	-1.8557
50.4000	-1.9426
50.4167	-1.8847
50.4333	-1.7109
50.4500	-1.5081
50.4667	-1.2474
50.4833	-1.0156
50.5000	-1.1025
50.5167	-1.2474
50.5333	-1.3922
50.5500	-1.4791
50.5667	-1.5660
50.5833	-1.6530
50.6000	-1.5660
50.6167	-1.3343
50.6333	-1.0446
50.6500	-0.6101
50.6667	-0.2914
50.6833	-0.0307
50.7000	0.2300
50.7167	0.0852
50.7333	-0.3494
50.7500	-0.7839
50.7667	-1.1315
50.7833	-1.2474
50.8000	-1.1315
50.8167	-0.9577
50.8333	-0.6680
50.8500	-0.3494
50.8667	-0.0597
50.8833	0.2300
50.9000	0.3749
50.9167	0.0852
50.9333	-0.3204
50.9500	-0.7549
50.9667	-1.0446
50.9833	-1.1315
51.0000	-0.9867
51.0167	-0.7549
51.0333	-0.4652
51.0500	-0.1176
51.0667	0.2010
51.0833	0.4618
51.1000	0.6645
51.1167	0.2879
51.1333	-0.2625
51.1500	-0.7549
51.1667	-1.1025
51.1833	-1.0736
51.2000	-0.8708
51.2167	-0.6390
51.2333	-0.3494
51.2500	-0.0597
51.2667	0.2010
51.2833	0.5487
51.3000	0.5487
51.3167	0.0852
51.3333	-0.2914
51.3500	-0.6680
51.3667	-0.8129
51.3833	-0.6970
51.4000	-0.5232
51.4167	-0.2625
51.4333	0.0562
51.4500	0.3169
51.4667	0.4907
51.4833	0.2300
51.5000	-0.1756
51.5167	-0.5811
51.5333	-0.8708
51.5500	-0.9577
51.5667	-0.9867
51.5833	-0.8418
51.6000	-0.6101
51.6167	-0.2625
51.6333	0.0272
51.6500	0.3459
51.6667	0.5197
51.6833	0.2590
51.7000	-0.0017
51.7167	-0.3204
51.7333	-0.5232
51.7500	-0.6970
51.7667	-0.6680
51.7833	-0.4652
51.8000	-0.2045
51.8167	0.0562
51.8333	0.3169
51.8500	0.1431
51.8667	-0.3494
51.8833	-0.6680
51.9000	-0.9577
51.9167	-1.0736
51.9333	-1.2474
51.9500	-1.3633
51.9667	-1.2764
51.9833	-1.0446
52.0000	-0.6970
52.0167	-0.2914
52.0333	0.0272
52.0500	-0.0886
52.0667	-0.4652
52.0833	-0.7260
52.1000	-1.0446
52.1167	-1.1895
52.1333	-1.4212
52.1500	-1.4212
52.1667	-1.2764
52.1833	-0.9867
52.2000	-0.6101
52.2167	-0.2625
52.2333	-0.0017
52.2500	0.1141
52.2667	-0.4363
52.2833	-0.8708
52.3000	-1.3633
52.3167	-1.5660
52.3333	-1.6819
52.3500	-1.6240
52.3667	-1.4791
52.3833	-1.2184
52.4000	-0.8998
52.4167	-0.6680
52.4333	-0.6101
52.4500	-0.8998
52.4667	-1.1895
52.4833	-1.4791
52.5000	-1.5950
52.5167	-1.7399
52.5333	-1.7399
52.5500	-1.5081
52.5667	-1.2184
52.5833	-0.9287
52.6000	-0.6101
52.6167	-0.3204
52.6333	-0.1176
52.6500	-0.3783
52.6667	-1.0446
52.6833	-1.5950
52.7000	-2.0875
52.7167	-2.2323
52.7333	-2.1454
52.7500	-1.9716
52.7667	-1.6530
52.7833	-1.2474
52.8000	-0.8708
52.8167	-0.5232
52.8333	-0.2045
52.8500	0.0272
52.8667	-0.7260
52.8833	-1.1895
52.9000	-1.8268
52.9167	-1.9716
52.9333	-1.8557
52.9500	-1.7109
52.9667	-1.4791
52.9833	-1.3053
53.0000	-1.0736
53.0167	-1.0736
53.0333	-1.3922
53.0500	-1.6819
53.0667	-1.9716
53.0833	-2.1165
53.1000	-2.2034
53.1167	-2.1454
53.1333	-1.9426
53.1500	-1.6530
53.1667	-1.3343
53.1833	-1.0736
53.2000	-0.8418
53.2167	-0.9577
53.2333	-1.1605
53.2500	-1.4791
53.2667	-1.7399
53.2833	-1.9137
53.3000	-1.9716
53.3167	-1.7978
53.3333	-1.5660
53.3500	-1.1895
53.3667	-0.8708
53.3833	-0.5811
53.4000	-0.3494
53.4167	-0.3783
53.4333	-0.7549
53.4500	-1.1605
53.4667	-1.5371
53.4833	-1.7109
53.5000	-1.7399
53.5167	-1.4791
53.5333	-1.2184
53.5500	-0.8129
53.5667	-0.4942
53.5833	-0.1466
53.6000	0.1141
53.6167	0.2010
53.6333	-0.4073
53.6500	-0.8129
53.6667	-1.2184
53.6833	-1.3633
53.7000	-1.2474
53.7167	-1.0736
53.7333	-0.8418
53.7500	-0.5521
53.7667	-0.3494
53.7833	-0.1756
53.8000	-0.4073
53.8167	-0.6390
53.8333	-0.9577
53.8500	-1.1315
53.8667	-1.2474
53.8833	-1.2474
53.9000	-1.0736
53.9167	-0.8129
53.9333	-0.4363
53.9500	-0.1176
53.9667	0.1721
53.9833	0.4328
54.0000	0.5487
54.0167	0.1721
54.0333	-0.2335
54.0500	-0.6680
54.0667	-0.9287
54.0833	-0.9287
54.1000	-0.7839
54.1167	-0.5811
54.1333	-0.3494
54.1500	-0.1176
54.1667	0.0272
54.1833	-0.2335
54.2000	-0.4652
54.2167	-0.7839
54.2333	-1.0156
54.2500	-1.2184
54.2667	-1.3343
54.2833	-1.2184
54.3000	-0.9867
54.3167	-0.6680
54.3333	-0.3204
54.3500	-0.0017
54.3667	0.2300
54.3833	0.2010
54.4000	-0.3204
54.4167	-0.7839
54.4333	-1.2474
54.4500	-1.4791
54.4667	-1.5081
54.4833	-1.3633
54.5000	-1.1025
54.5167	-0.7260
54.5333	-0.3783
54.5500	-0.0597
54.5667	0.2300
54.5833	0.2300
54.6000	-0.4363
54.6167	-0.9287
54.6333	-1.4212
54.6500	-1.5950
54.6667	-1.5950
54.6833	-1.4212
54.7000	-1.1605
54.7167	-0.8418
54.7333	-0.5232
54.7500	-0.2045
54.7667	-0.0017
54.7833	-0.4942
54.8000	-1.1315
54.8167	-1.6530
54.8333	-2.0006
54.8500	-2.0585
54.8667	-1.9716
54.8833	-1.8268
54.9000	-1.6240
54.9167	-1.4212
54.9333	-1.3633
54.9500	-1.5371
54.9667	-1.7109
54.9833	-1.8557
55.0000	-2.0006
55.0167	-2.0875
55.0333	-2.1744
55.0500	-2.0006
55.0667	-1.7399
55.0833	-1.4212
55.1000	-1.0446
55.1167	-0.6970
55.1333	-0.4363
55.1500	-0.2914
55.1667	-0.7260
55.1833	-1.1605
55.2000	-1.5660
55.2167	-1.7978
55.2333	-1.8847
55.2500	-1.7399
55.2667	-1.4791
55.2833	-1.0736
55.3000	-0.6970
55.3167	-0.2914
55.3333	-0.0017
55.3500	-0.0597
55.3667	-0.5232
55.3833	-0.9287
55.4000	-1.4502
55.4167	-1.5950
55.4333	-1.5950
55.4500	-1.5081
55.4667	-1.2764
55.4833	-1.0156
55.5000	-0.6970
55.5167	-0.5232
55.5333	-0.8418
55.5500	-1.1025
55.5667	-1.3922
55.5833	-1.6530
55.6000	-1.7399
55.6167	-1.7399
55.6333	-1.6530
55.6500	-1.5081
55.6667	-1.1895
55.6833	-0.9287
55.7000	-0.6970
55.7167	-0.7549
55.7333	-0.9867
55.7500	-1.1895
55.7667	-1.3922
55.7833	-1.5081
55.8000	-1.6819
55.8167	-1.6240
55.8333	-1.3633
55.8500	-1.0156
55.8667	-0.5811
55.8833	-0.1756
55.9000	0.1431
55.9167	0.3459
55.9333	0.4907
55.9500	-0.0307
55.9667	-0.5521
55.9833	-0.9867
56.0000	-1.2184
56.0167	-1.1025
56.0333	-0.9287
56.0500	-0.6390
56.0667	-0.3783
56.0833	-0.1466
56.1000	0.1141
56.1167	0.2590
56.1333	-0.0886
56.1500	-0.4363
56.1667	-0.8129
56.1833	-1.0446
56.2000	-1.0446
56.2167	-0.9287
56.2333	-0.6970
56.2500	-0.4073
56.2667	-0.1466
56.2833	0.1141
56.3000	0.3459
56.3167	0.4328
56.3333	0.0562
56.3500	-0.2914
56.3667	-0.6680
56.3833	-0.9577
56.4000	-1.0446
56.4167	-0.8998
56.4333	-0.6680
56.4500	-0.3783
56.4667	-0.0886
56.4833	-0.1466
56.5000	-0.5521
56.5167	-0.7839
56.5333	-1.0156
56.5500	-1.1605
56.5667	-1.3053
56.5833	-1.4502
56.6000	-1.3633
56.6167	-1.1605
56.6333	-0.8708
56.6500	-0.5521
56.6667	-0.3204
56.6833	-0.4942
56.7000	-0.6390
56.7167	-0.7549
56.7333	-0.9867
56.7500	-1.1315
56.7667	-1.2764
56.7833	-1.2764
56.8000	-1.0736
56.8167	-0.7549
56.8333	-0.3494
56.8500	-0.0597
56.8667	0.1721
56.8833	0.3459
56.9000	-0.0307
56.9167	-0.4073
56.9333	-0.7839
56.9500	-1.0446
56.9667	-1.2474
56.9833	-1.2474
